563.0,128.0,188.0,330.0,127.0,4.0,104.0,11.0,164.0,73.0,308.0,8.0,140.0,150.0,31.0,89.0,25.0,189.0,69.0,46.0,12.0,118.0,128.0,1859.0,697.0,1386.0,539.0,11.0,352.0,411.0,1090.0,382.0,1680.0,32.0,386.0,696.0,74.0,344.0,131.0,563.0,299.0,132.0,51.0,393.0,188.0,697.0,2210.0,1515.0,776.0,88.0,776.0,145.0,915.0,359.0,1507.0,29.0,418.0,699.0,97.0,355.0,140.0,625.0,268.0,225.0,80.0,468.0,330.0,1386.0,1515.0,4009.0,1201.0,106.0,792.0,302.0,1823.0,751.0,2832.0,48.0,715.0,1414.0,195.0,586.0,232.0,1068.0,512.0,374.0,152.0,737.0,127.0,539.0,776.0,1201.0,2156.0,167.0,329.0,134.0,1049.0,214.0,1334.0,23.0,413.0,403.0,67.0,264.0,126.0,458.0,220.0,154.0,58.0,433.0,4.0,11.0,88.0,106.0,167.0,519.0,23.0,3.0,44.0,7.0,44.0,5.0,15.0,20.0,3.0,42.0,13.0,54.0,60.0,19.0,1.0,72.0,104.0,352.0,776.0,792.0,329.0,23.0,1150.0,46.0,457.0,202.0,789.0,28.0,246.0,397.0,45.0,171.0,50.0,284.0,133.0,276.0,104.0,278.0,11.0,411.0,145.0,302.0,134.0,3.0,46.0,494.0,268.0,42.0,422.0,3.0,150.0,71.0,7.0,63.0,41.0,141.0,83.0,14.0,3.0,84.0,164.0,1090.0,915.0,1823.0,1049.0,44.0,457.0,268.0,2721.0,493.0,2217.0,27.0,524.0,843.0,115.0,435.0,135.0,644.0,315.0,178.0,79.0,483.0,73.0,382.0,359.0,751.0,214.0,7.0,202.0,42.0,493.0,965.0,787.0,8.0,166.0,579.0,158.0,159.0,55.0,313.0,138.0,98.0,39.0,201.0,308.0,1680.0,1507.0,2832.0,1334.0,44.0,789.0,422.0,2217.0,787.0,4216.0,53.0,729.0,1391.0,206.0,673.0,249.0,1025.0,506.0,320.0,125.0,825.0,8.0,32.0,29.0,48.0,23.0,5.0,28.0,3.0,27.0,8.0,53.0,98.0,27.0,25.0,5.0,7.0,4.0,23.0,18.0,26.0,6.0,29.0,140.0,386.0,418.0,715.0,413.0,15.0,246.0,150.0,524.0,166.0,729.0,27.0,1142.0,352.0,51.0,153.0,69.0,475.0,188.0,145.0,35.0,233.0,150.0,696.0,699.0,1414.0,403.0,20.0,397.0,71.0,843.0,579.0,1391.0,25.0,352.0,1914.0,176.0,333.0,109.0,600.0,268.0,178.0,130.0,432.0,31.0,74.0,97.0,195.0,67.0,3.0,45.0,7.0,115.0,158.0,206.0,5.0,51.0,176.0,273.0,37.0,15.0,104.0,31.0,32.0,11.0,53.0,89.0,344.0,355.0,586.0,264.0,42.0,171.0,63.0,435.0,159.0,673.0,7.0,153.0,333.0,37.0,907.0,70.0,220.0,112.0,53.0,39.0,229.0,25.0,131.0,140.0,232.0,126.0,13.0,50.0,41.0,135.0,55.0,249.0,4.0,69.0,109.0,15.0,70.0,366.0,117.0,60.0,33.0,10.0,87.0,189.0,563.0,625.0,1068.0,458.0,54.0,284.0,141.0,644.0,313.0,1025.0,23.0,475.0,600.0,104.0,220.0,117.0,1518.0,248.0,126.0,53.0,313.0,69.0,299.0,268.0,512.0,220.0,60.0,133.0,83.0,315.0,138.0,506.0,18.0,188.0,268.0,31.0,112.0,60.0,248.0,753.0,68.0,26.0,175.0,46.0,132.0,225.0,374.0,154.0,19.0,276.0,14.0,178.0,98.0,320.0,26.0,145.0,178.0,32.0,53.0,33.0,126.0,68.0,615.0,89.0,176.0,12.0,51.0,80.0,152.0,58.0,1.0,104.0,3.0,79.0,39.0,125.0,6.0,35.0,130.0,11.0,39.0,10.0,53.0,26.0,89.0,248.0,72.0,118.0,393.0,468.0,737.0,433.0,72.0,278.0,84.0,483.0,201.0,825.0,29.0,233.0,432.0,53.0,229.0,87.0,313.0,175.0,176.0,72.0,1246.0